00
00
00
00
00
00
00
00
00
00
00
00
12
12
12
12
00
00
00
00
00
00
00
00
00
00
00
00
1E
1E
1E
1E
00
00
00
00
00
00
00
00
00
00
00
00
2A
2A
2A
2A
00
00
00
00
00
00
00
00
00
00
00
00
36
36
36
36
00
00
00
00
00
00
00
00
00
00
00
00
42
42
42
42
00
00
00
00
00
00
00
00
00
00
00
00
4E
4E
4E
4E
00
00
00
00
00
00
00
00
00
00
00
00
5A
5A
5A
5A
00
00
00
00
00
00
00
00
00
00
00
00
66
66
66
66
00
00
00
00
00
00
00
00
00
00
00
00
72
72
72
72
00
00
00
00
00
00
00
00
00
00
00
00
7E
7E
7E
7E
00
00
00
00
00
00
00
00
00
00
00
00
8A
8A
8A
8A
00
00
00
00
00
00
00
00
00
00
00
00
96
96
96
96
00
00
00
00
00
00
00
00
00
00
00
00
A2
A2
A2
A2
00
00
00
00
00
00
00
00
00
00
00
00
AE
AE
AE
AE
00
00
00
00
00
00
00
00
00
00
00
00
BA
BA
BA
BA
00
00
00
00
00
00
00
00
00
00
00
00
C6
C6
C6
C6
00
00
00
00
00
00
00
00
00
00
00
00
D2
D2
D2
D2
00
00
00
00
00
00
00
00
00
00
00
00
DE
DE
DE
DE
00
00
00
00
00
00
00
00
00
00
00
00
EA
EA
EA
EA
00
00
00
00
00
00
00
00
00
00
00
00
F6
F6
F6
F6
00
00
00
00
00
00
00
00
00
00
00
00
