00
00
00
00
00
00
00
00
00
00
00
00
11
11
11
11
00
00
00
00
00
00
00
00
00
00
00
00
1D
1D
1D
1D
00
00
00
00
00
00
00
00
00
00
00
00
29
29
29
29
00
00
00
00
00
00
00
00
00
00
00
00
35
35
35
35
00
00
00
00
00
00
00
00
00
00
00
00
41
41
41
41
00
00
00
00
00
00
00
00
00
00
00
00
4D
4D
4D
4D
00
00
00
00
00
00
00
00
00
00
00
00
59
59
59
59
00
00
00
00
00
00
00
00
00
00
00
00
65
65
65
65
00
00
00
00
00
00
00
00
00
00
00
00
71
71
71
71
00
00
00
00
00
00
00
00
00
00
00
00
7D
7D
7D
7D
00
00
00
00
00
00
00
00
00
00
00
00
89
89
89
89
00
00
00
00
00
00
00
00
00
00
00
00
95
95
95
95
00
00
00
00
00
00
00
00
00
00
00
00
A1
A1
A1
A1
00
00
00
00
00
00
00
00
00
00
00
00
AD
AD
AD
AD
00
00
00
00
00
00
00
00
00
00
00
00
B9
B9
B9
B9
00
00
00
00
00
00
00
00
00
00
00
00
C5
C5
C5
C5
00
00
00
00
00
00
00
00
00
00
00
00
D1
D1
D1
D1
00
00
00
00
00
00
00
00
00
00
00
00
DD
DD
DD
DD
00
00
00
00
00
00
00
00
00
00
00
00
E9
E9
E9
E9
00
00
00
00
00
00
00
00
00
00
00
00
F5
F5
F5
F5
00
00
00
00
00
00
00
00
00
00
00
00
