0000000
0000000
0000000
0000000
0000000
0000000
0000000
0000000
0000000
0000000
0000000
0000000
0000000
0000000
0000000
0000000
0000000
0000437
0000000
0000000
00E0892
0000000
0000000
0000004
0000000
0000000
0F75F16
0068D60
0000000
0000000
0000000
0000000
0000000
000041F
0000000
0000000
01013D6
0000000
0000000
1FFFF34
0000000
0029ECE
07F428B
002F5F5
0000000
0000000
0000000
0000000
0000000
00003B7
0000000
0000000
010ED26
0000000
0000000
1FFFE5B
0000000
0027780
0579D41
0025616
0000000
0000000
0000000
0000000
0000000
0000345
0000000
0000000
0115C3E
0000000
0000000
1FFFD90
0000000
00225A5
0445737
002409E
0000000
0000000
0000000
0000000
0000000
00002D9
0000000
0000000
0119ACF
0000000
0000000
1FFFCD3
0000000
001DF40
0394128
00250D0
0000000
0000000
0000000
0000000
0000000
000027C
0000000
0000000
011BFE8
0000000
0000000
1FFFC24
0000000
001A7FA
0324186
0026AB5
0000000
0000000
0000000
0000000
0000000
000022F
0000000
0000000
011D68D
0000000
0000000
1FFFB85
0000000
0017D4B
02D9357
00284D5
0000000
0000000
0000000
0000000
0000000
00001F0
0000000
0000000
011E49B
0000000
0000000
1FFFAF5
0000000
0015C62
02A52D6
0029BF5
0000000
0000000
0000000
0000000
0000000
00001BF
0000000
0000000
011ED6F
0000000
0000000
1FFFA75
0000000
00142F5
02800F1
002AF40
0000000
0000000
0000000
0000000
0000000
0000198
0000000
0000000
011F30C
0000000
0000000
1FFFA02
0000000
0012F46
026513F
002BED3
0000000
0000000
0000000
0000000
0000000
000017A
0000000
0000000
011F6AF
0000000
0000000
1FFF99E
0000000
0012002
0251327
002CB29
0000000
0000000
0000000
0000000
0000000
0000164
0000000
0000000
011F91D
0000000
0000000
1FFF946
0000000
0011427
0242668
002D4CD
0000000
0000000
0000000
0000000
0000000
0000152
0000000
0000000
011FAD3
0000000
0000000
1FFF8FB
0000000
0010AF0
02374E3
002DC45
0000000
0000000
0000000
0000000
0000000
0000144
0000000
0000000
011FC1C
0000000
0000000
1FFF8BA
0000000
00103C5
022EF09
002E207
0000000
0000000
0000000
0000000
0000000
000013A
0000000
0000000
011FD27
0000000
0000000
1FFF883
0000000
000FE32
02289AF
002E671
0000000
0000000
0000000
0000000
0000000
0000132
0000000
0000000
011FE0D
0000000
0000000
1FFF854
0000000
000F9DC
0223CB1
002E9D1
0000000
0000000
0000000
0000000
0000000
000012B
0000000
0000000
011FEDF
0000000
0000000
1FFF82D
0000000
000F67D
0220211
002EC64
0000000
0000000
0000000
0000000
0000000
0000126
0000000
0000000
011FFA3
0000000
0000000
1FFF80C
0000000
000F3DD
021D558
002EE5A
0000000
0000000
0000000
0000000
0000000
0000122
0000000
0000000
012005C
0000000
0000000
1FFF7F0
0000000
000F1D3
021B32D
002EFD7
0000000
0000000
0000000
0000000
0000000
000011F
0000000
0000000
012010C
0000000
0000000
1FFF7DA
0000000
000F03E
021990C
002F0F9
