00
00
00
00
00
00
00
00
00
00
00
00
15
15
15
15
00
00
00
00
00
00
00
00
00
00
00
00
21
21
21
21
00
00
00
00
00
00
00
00
00
00
00
00
2D
2D
2D
2D
00
00
00
00
00
00
00
00
00
00
00
00
39
39
39
39
00
00
00
00
00
00
00
00
00
00
00
00
45
45
45
45
00
00
00
00
00
00
00
00
00
00
00
00
51
51
51
51
00
00
00
00
00
00
00
00
00
00
00
00
5D
5D
5D
5D
00
00
00
00
00
00
00
00
00
00
00
00
69
69
69
69
00
00
00
00
00
00
00
00
00
00
00
00
75
75
75
75
00
00
00
00
00
00
00
00
00
00
00
00
81
81
81
81
00
00
00
00
00
00
00
00
00
00
00
00
8D
8D
8D
8D
00
00
00
00
00
00
00
00
00
00
00
00
99
99
99
99
00
00
00
00
00
00
00
00
00
00
00
00
A5
A5
A5
A5
00
00
00
00
00
00
00
00
00
00
00
00
B1
B1
B1
B1
00
00
00
00
00
00
00
00
00
00
00
00
BD
BD
BD
BD
00
00
00
00
00
00
00
00
00
00
00
00
C9
C9
C9
C9
00
00
00
00
00
00
00
00
00
00
00
00
D5
D5
D5
D5
00
00
00
00
00
00
00
00
00
00
00
00
E1
E1
E1
E1
00
00
00
00
00
00
00
00
00
00
00
00
ED
ED
ED
ED
00
00
00
00
00
00
00
00
00
00
00
00
F9
F9
F9
F9
00
00
00
00
00
00
00
00
00
00
00
00
