00
00
00
00
00
00
00
00
00
00
00
00
14
14
14
14
00
00
00
00
00
00
00
00
00
00
00
00
20
20
20
20
00
00
00
00
00
00
00
00
00
00
00
00
2C
2C
2C
2C
00
00
00
00
00
00
00
00
00
00
00
00
38
38
38
38
00
00
00
00
00
00
00
00
00
00
00
00
44
44
44
44
00
00
00
00
00
00
00
00
00
00
00
00
50
50
50
50
00
00
00
00
00
00
00
00
00
00
00
00
5C
5C
5C
5C
00
00
00
00
00
00
00
00
00
00
00
00
68
68
68
68
00
00
00
00
00
00
00
00
00
00
00
00
74
74
74
74
00
00
00
00
00
00
00
00
00
00
00
00
80
80
80
80
00
00
00
00
00
00
00
00
00
00
00
00
8C
8C
8C
8C
00
00
00
00
00
00
00
00
00
00
00
00
98
98
98
98
00
00
00
00
00
00
00
00
00
00
00
00
A4
A4
A4
A4
00
00
00
00
00
00
00
00
00
00
00
00
B0
B0
B0
B0
00
00
00
00
00
00
00
00
00
00
00
00
BC
BC
BC
BC
00
00
00
00
00
00
00
00
00
00
00
00
C8
C8
C8
C8
00
00
00
00
00
00
00
00
00
00
00
00
D4
D4
D4
D4
00
00
00
00
00
00
00
00
00
00
00
00
E0
E0
E0
E0
00
00
00
00
00
00
00
00
00
00
00
00
EC
EC
EC
EC
00
00
00
00
00
00
00
00
00
00
00
00
F8
F8
F8
F8
00
00
00
00
00
00
00
00
00
00
00
00
