00
00
00
00
00
00
00
00
00
15
16
00
10
10
10
10
00
00
00
00
00
00
00
00
00
21
22
00
1C
1C
1C
1C
00
00
00
00
00
00
00
00
00
2D
2E
00
28
28
28
28
00
00
00
00
00
00
00
00
00
39
3A
00
34
34
34
34
00
00
00
00
00
00
00
00
00
45
46
00
40
40
40
40
00
00
00
00
00
00
00
00
00
51
52
00
4C
4C
4C
4C
00
00
00
00
00
00
00
00
00
5D
5E
00
58
58
58
58
00
00
00
00
00
00
00
00
00
69
6A
00
64
64
64
64
00
00
00
00
00
00
00
00
00
75
76
00
70
70
70
70
00
00
00
00
00
00
00
00
00
81
82
00
7C
7C
7C
7C
00
00
00
00
00
00
00
00
00
8D
8E
00
88
88
88
88
00
00
00
00
00
00
00
00
00
99
9A
00
94
94
94
94
00
00
00
00
00
00
00
00
00
A5
A6
00
A0
A0
A0
A0
00
00
00
00
00
00
00
00
00
B1
B2
00
AC
AC
AC
AC
00
00
00
00
00
00
00
00
00
BD
BE
00
B8
B8
B8
B8
00
00
00
00
00
00
00
00
00
C9
CA
00
C4
C4
C4
C4
00
00
00
00
00
00
00
00
00
D5
D6
00
D0
D0
D0
D0
00
00
00
00
00
00
00
00
00
E1
E2
00
DC
DC
DC
DC
00
00
00
00
00
00
00
00
00
ED
EE
00
E8
E8
E8
E8
00
00
00
00
00
00
00
00
00
F9
FA
00
F4
F4
F4
F4
00
00
00
00
00
00
00
00
00
00
00
00
