000
000
000
000
000
000
000
000
000
000
000
000
00E
00E
012
013
014
015
00F
00F
000
000
000
000
01E
01E
022
023
024
025
01F
01F
000
000
000
000
02E
02E
032
033
034
035
02F
02F
000
000
000
000
03E
03E
042
043
044
045
03F
03F
000
000
000
000
04E
04E
052
053
054
055
04F
04F
000
000
000
000
05E
05E
062
063
064
065
05F
05F
000
000
000
000
06E
06E
072
073
074
075
06F
06F
000
000
000
000
07E
07E
082
083
084
085
07F
07F
000
000
000
000
08E
08E
092
093
094
095
08F
08F
000
000
000
000
09E
09E
0A2
0A3
0A4
0A5
09F
09F
000
000
000
000
0AE
0AE
0B2
0B3
0B4
0B5
0AF
0AF
000
000
000
000
0BE
0BE
0C2
0C3
0C4
0C5
0BF
0BF
000
000
000
000
0CE
0CE
0D2
0D3
0D4
0D5
0CF
0CF
000
000
000
000
0DE
0DE
0E2
0E3
0E4
0E5
0DF
0DF
000
000
000
000
0EE
0EE
0F2
0F3
0F4
0F5
0EF
0EF
000
000
000
000
0FE
0FE
102
103
104
105
0FF
0FF
000
000
000
000
10E
10E
112
113
114
115
10F
10F
000
000
000
000
11E
11E
122
123
124
125
11F
11F
000
000
000
000
12E
12E
132
133
134
135
12F
12F
000
000
000
000
13E
13E
142
143
144
145
13F
13F
000
000
000
000
000
000
000
000
000
000
000
000
000
000
000
000
000
000
000
000
000
000
000
000
000
000
000
000
000
000
000
000
000
000
000
000
000
000
000
000
000
000
000
000
000
000
000
000
000
000
000
000
000
000
000
000
000
000
000
000
000
000
000
000
000
000
000
000
000
000
000
000
000
000
000
000
000
000
000
000
000
000
000
000
