00
00
00
00
00
00
00
00
00
00
00
00
13
13
13
13
00
00
00
00
00
00
00
00
00
00
00
00
1F
1F
1F
1F
00
00
00
00
00
00
00
00
00
00
00
00
2B
2B
2B
2B
00
00
00
00
00
00
00
00
00
00
00
00
37
37
37
37
00
00
00
00
00
00
00
00
00
00
00
00
43
43
43
43
00
00
00
00
00
00
00
00
00
00
00
00
4F
4F
4F
4F
00
00
00
00
00
00
00
00
00
00
00
00
5B
5B
5B
5B
00
00
00
00
00
00
00
00
00
00
00
00
67
67
67
67
00
00
00
00
00
00
00
00
00
00
00
00
73
73
73
73
00
00
00
00
00
00
00
00
00
00
00
00
7F
7F
7F
7F
00
00
00
00
00
00
00
00
00
00
00
00
8B
8B
8B
8B
00
00
00
00
00
00
00
00
00
00
00
00
97
97
97
97
00
00
00
00
00
00
00
00
00
00
00
00
A3
A3
A3
A3
00
00
00
00
00
00
00
00
00
00
00
00
AF
AF
AF
AF
00
00
00
00
00
00
00
00
00
00
00
00
BB
BB
BB
BB
00
00
00
00
00
00
00
00
00
00
00
00
C7
C7
C7
C7
00
00
00
00
00
00
00
00
00
00
00
00
D3
D3
D3
D3
00
00
00
00
00
00
00
00
00
00
00
00
DF
DF
DF
DF
00
00
00
00
00
00
00
00
00
00
00
00
EB
EB
EB
EB
00
00
00
00
00
00
00
00
00
00
00
00
F7
F7
F7
F7
00
00
00
00
00
00
00
00
00
00
00
00
