00000
00000
00000
282E8
57D18
00000
00000
00000
00000
00052
7FFAE
00000
00483
004F8
7FB7C
7FB09
00000
00000
00000
282E8
57D18
00000
00000
00000
00000
00052
7FFAE
00000
00483
004F8
7FB7C
7FB09
00000
00000
00000
282E8
57D18
00000
00000
00000
00000
00052
7FFAE
00000
00483
004F8
7FB7C
7FB09
00000
00000
00000
282E8
57D18
00000
00000
00000
00000
00052
7FFAE
00000
00483
004F8
7FB7C
7FB09
00000
00000
00000
282E8
57D18
00000
00000
00000
00000
00052
7FFAE
00000
00483
004F8
7FB7C
7FB09
00000
00000
00000
282E8
57D18
00000
00000
00000
00000
00052
7FFAE
00000
00483
004F8
7FB7C
7FB09
00000
00000
00000
282E8
57D18
00000
00000
00000
00000
00052
7FFAE
00000
00483
004F8
7FB7C
7FB09
00000
00000
00000
282E8
57D18
00000
00000
00000
00000
00052
7FFAE
00000
00483
004F8
7FB7C
7FB09
00000
00000
00000
282E8
57D18
00000
00000
00000
00000
00052
7FFAE
00000
00483
004F8
7FB7C
7FB09
00000
00000
00000
282E8
57D18
00000
00000
00000
00000
00052
7FFAE
00000
00483
004F8
7FB7C
7FB09
00000
00000
00000
282E8
57D18
00000
00000
00000
00000
00052
7FFAE
00000
00483
004F8
7FB7C
7FB09
00000
00000
00000
282E8
57D18
00000
00000
00000
00000
00052
7FFAE
00000
00483
004F8
7FB7C
7FB09
00000
00000
00000
282E8
57D18
00000
00000
00000
00000
00052
7FFAE
00000
00483
004F8
7FB7C
7FB09
00000
00000
00000
282E8
57D18
00000
00000
00000
00000
00052
7FFAE
00000
00483
004F8
7FB7C
7FB09
00000
00000
00000
282E8
57D18
00000
00000
00000
00000
00052
7FFAE
00000
00483
004F8
7FB7C
7FB09
00000
00000
00000
282E8
57D18
00000
00000
00000
00000
00052
7FFAE
00000
00483
004F8
7FB7C
7FB09
00000
00000
00000
282E8
57D18
00000
00000
00000
00000
00052
7FFAE
00000
00483
004F8
7FB7C
7FB09
00000
00000
00000
282E8
57D18
00000
00000
00000
00000
00052
7FFAE
00000
00483
004F8
7FB7C
7FB09
00000
00000
00000
282E8
57D18
00000
00000
00000
00000
00052
7FFAE
00000
00483
004F8
7FB7C
7FB09
00000
00000
00000
282E8
57D18
00000
00000
00000
00000
00052
7FFAE
00000
00483
004F8
7FB7C
7FB09
00000
00000
00000
00000
00000
00000
00000
00000
00000
00000
00000
00000
