000000
000000
000000
000000
000000
000000
000000
000000
000000
400000
400000
000000
000489
7FFB04
7FFB74
000500
000000
000000
000000
000000
000000
000000
000000
000000
000000
400000
400000
000000
000489
7FFB04
7FFB74
000500
000000
000000
000000
000000
000000
000000
000000
000000
000000
400000
400000
000000
000489
7FFB04
7FFB74
000500
000000
000000
000000
000000
000000
000000
000000
000000
000000
400000
400000
000000
000489
7FFB04
7FFB74
000500
000000
000000
000000
000000
000000
000000
000000
000000
000000
400000
400000
000000
000489
7FFB04
7FFB74
000500
000000
000000
000000
000000
000000
000000
000000
000000
000000
400000
400000
000000
000489
7FFB04
7FFB74
000500
000000
000000
000000
000000
000000
000000
000000
000000
000000
400000
400000
000000
000489
7FFB04
7FFB74
000500
000000
000000
000000
000000
000000
000000
000000
000000
000000
400000
400000
000000
000489
7FFB04
7FFB74
000500
000000
000000
000000
000000
000000
000000
000000
000000
000000
400000
400000
000000
000489
7FFB04
7FFB74
000500
000000
000000
000000
000000
000000
000000
000000
000000
000000
400000
400000
000000
000489
7FFB04
7FFB74
000500
000000
000000
000000
000000
000000
000000
000000
000000
000000
400000
400000
000000
000489
7FFB04
7FFB74
000500
000000
000000
000000
000000
000000
000000
000000
000000
000000
400000
400000
000000
000489
7FFB04
7FFB74
000500
000000
000000
000000
000000
000000
000000
000000
000000
000000
400000
400000
000000
000489
7FFB04
7FFB74
000500
000000
000000
000000
000000
000000
000000
000000
000000
000000
400000
400000
000000
000489
7FFB04
7FFB74
000500
000000
000000
000000
000000
000000
000000
000000
000000
000000
400000
400000
000000
000489
7FFB04
7FFB74
000500
000000
000000
000000
000000
000000
000000
000000
000000
000000
400000
400000
000000
000489
7FFB04
7FFB74
000500
000000
000000
000000
000000
000000
000000
000000
000000
000000
400000
400000
000000
000489
7FFB04
7FFB74
000500
000000
000000
000000
000000
000000
000000
000000
000000
000000
400000
400000
000000
000489
7FFB04
7FFB74
000500
000000
000000
000000
000000
000000
000000
000000
000000
000000
400000
400000
000000
000489
7FFB04
7FFB74
000500
000000
000000
000000
000000
000000
000000
000000
000000
000000
400000
400000
000000
000489
7FFB04
7FFB74
000500
000000
000000
000000
000000
000000
000000
000000
000000
000000
000000
000000
000000
