000
000
000
000
000
000
000
000
000
000
000
000
00F
00F
000
000
000
000
016
017
000
000
000
000
01F
01F
000
000
000
000
026
027
000
000
000
000
02F
02F
000
000
000
000
036
037
000
000
000
000
03F
03F
000
000
000
000
046
047
000
000
000
000
04F
04F
000
000
000
000
056
057
000
000
000
000
05F
05F
000
000
000
000
066
067
000
000
000
000
06F
06F
000
000
000
000
076
077
000
000
000
000
07F
07F
000
000
000
000
086
087
000
000
000
000
08F
08F
000
000
000
000
096
097
000
000
000
000
09F
09F
000
000
000
000
0A6
0A7
000
000
000
000
0AF
0AF
000
000
000
000
0B6
0B7
000
000
000
000
0BF
0BF
000
000
000
000
0C6
0C7
000
000
000
000
0CF
0CF
000
000
000
000
0D6
0D7
000
000
000
000
0DF
0DF
000
000
000
000
0E6
0E7
000
000
000
000
0EF
0EF
000
000
000
000
0F6
0F7
000
000
000
000
0FF
0FF
000
000
000
000
106
107
000
000
000
000
10F
10F
000
000
000
000
116
117
000
000
000
000
11F
11F
000
000
000
000
126
127
000
000
000
000
12F
12F
000
000
000
000
136
137
000
000
000
000
13F
13F
000
000
000
000
146
147
000
000
000
000
000
000
000
000
000
000
000
000
000
000
000
000
000
000
000
000
000
000
000
000
000
000
000
000
000
000
000
000
000
000
000
000
000
000
000
000
000
000
000
000
000
000
000
000
000
000
000
000
000
000
000
000
000
000
000
000
000
000
000
000
000
000
000
000
000
000
000
000
000
000
000
000
000
000
000
000
000
000
000
000
