00
00
00
00
00
00
00
00
00
00
00
00
17
17
17
17
00
00
00
00
00
00
00
00
00
00
00
00
23
23
23
23
00
00
00
00
00
00
00
00
00
00
00
00
2F
2F
2F
2F
00
00
00
00
00
00
00
00
00
00
00
00
3B
3B
3B
3B
00
00
00
00
00
00
00
00
00
00
00
00
47
47
47
47
00
00
00
00
00
00
00
00
00
00
00
00
53
53
53
53
00
00
00
00
00
00
00
00
00
00
00
00
5F
5F
5F
5F
00
00
00
00
00
00
00
00
00
00
00
00
6B
6B
6B
6B
00
00
00
00
00
00
00
00
00
00
00
00
77
77
77
77
00
00
00
00
00
00
00
00
00
00
00
00
83
83
83
83
00
00
00
00
00
00
00
00
00
00
00
00
8F
8F
8F
8F
00
00
00
00
00
00
00
00
00
00
00
00
9B
9B
9B
9B
00
00
00
00
00
00
00
00
00
00
00
00
A7
A7
A7
A7
00
00
00
00
00
00
00
00
00
00
00
00
B3
B3
B3
B3
00
00
00
00
00
00
00
00
00
00
00
00
BF
BF
BF
BF
00
00
00
00
00
00
00
00
00
00
00
00
CB
CB
CB
CB
00
00
00
00
00
00
00
00
00
00
00
00
D7
D7
D7
D7
00
00
00
00
00
00
00
00
00
00
00
00
E3
E3
E3
E3
00
00
00
00
00
00
00
00
00
00
00
00
EF
EF
EF
EF
00
00
00
00
00
00
00
00
00
00
00
00
FB
FB
FB
FB
00
00
00
00
00
00
00
00
00
00
00
00
