000000
000000
000000
000000
000000
000000
000000
000000
000000
400000
400000
000000
01C55B
7E0D78
7E393B
01F3F1
000000
000000
000000
000000
000000
000000
000000
000000
000000
400000
400000
000000
01C55B
7E0D78
7E393B
01F3F1
000000
000000
000000
000000
000000
000000
000000
000000
000000
400000
400000
000000
01C55B
7E0D78
7E393B
01F3F1
000000
000000
000000
000000
000000
000000
000000
000000
000000
400000
400000
000000
01C55B
7E0D78
7E393B
01F3F1
000000
000000
000000
000000
000000
000000
000000
000000
000000
400000
400000
000000
01C55B
7E0D78
7E393B
01F3F1
000000
000000
000000
000000
000000
000000
000000
000000
000000
400000
400000
000000
01C55B
7E0D78
7E393B
01F3F1
000000
000000
000000
000000
000000
000000
000000
000000
000000
400000
400000
000000
01C55B
7E0D78
7E393B
01F3F1
000000
000000
000000
000000
000000
000000
000000
000000
000000
400000
400000
000000
01C55B
7E0D78
7E393B
01F3F1
000000
000000
000000
000000
000000
000000
000000
000000
000000
400000
400000
000000
01C55B
7E0D78
7E393B
01F3F1
000000
000000
000000
000000
000000
000000
000000
000000
000000
400000
400000
000000
01C55B
7E0D78
7E393B
01F3F1
000000
000000
000000
000000
000000
000000
000000
000000
000000
400000
400000
000000
01C55B
7E0D78
7E393B
01F3F1
000000
000000
000000
000000
000000
000000
000000
000000
000000
400000
400000
000000
01C55B
7E0D78
7E393B
01F3F1
000000
000000
000000
000000
000000
000000
000000
000000
000000
400000
400000
000000
01C55B
7E0D78
7E393B
01F3F1
000000
000000
000000
000000
000000
000000
000000
000000
000000
400000
400000
000000
01C55B
7E0D78
7E393B
01F3F1
000000
000000
000000
000000
000000
000000
000000
000000
000000
400000
400000
000000
01C55B
7E0D78
7E393B
01F3F1
000000
000000
000000
000000
000000
000000
000000
000000
000000
400000
400000
000000
01C55B
7E0D78
7E393B
01F3F1
000000
000000
000000
000000
000000
000000
000000
000000
000000
400000
400000
000000
01C55B
7E0D78
7E393B
01F3F1
000000
000000
000000
000000
000000
000000
000000
000000
000000
400000
400000
000000
01C55B
7E0D78
7E393B
01F3F1
000000
000000
000000
000000
000000
000000
000000
000000
000000
400000
400000
000000
01C55B
7E0D78
7E393B
01F3F1
000000
000000
000000
000000
000000
000000
000000
000000
000000
400000
400000
000000
01C55B
7E0D78
7E393B
01F3F1
000000
000000
000000
000000
000000
000000
000000
000000
000000
000000
000000
000000
