000000
000000
000000
000000
000000
000000
000000
000000
000000
000000
000000
000000
FFFFB4
00004C
400000
400000
400000
400000
004164
0040EB
000000
000000
000000
000000
FFFFB4
00004C
400000
400000
400000
400000
004164
0040EB
000000
000000
000000
000000
FFFFB4
00004C
400000
400000
400000
400000
004164
0040EB
000000
000000
000000
000000
FFFFB4
00004C
400000
400000
400000
400000
004164
0040EB
000000
000000
000000
000000
FFFFB4
00004C
400000
400000
400000
400000
004164
0040EB
000000
000000
000000
000000
FFFFB4
00004C
400000
400000
400000
400000
004164
0040EB
000000
000000
000000
000000
FFFFB4
00004C
400000
400000
400000
400000
004164
0040EB
000000
000000
000000
000000
FFFFB4
00004C
400000
400000
400000
400000
004164
0040EB
000000
000000
000000
000000
FFFFB4
00004C
400000
400000
400000
400000
004164
0040EB
000000
000000
000000
000000
FFFFB4
00004C
400000
400000
400000
400000
004164
0040EB
000000
000000
000000
000000
FFFFB4
00004C
400000
400000
400000
400000
004164
0040EB
000000
000000
000000
000000
FFFFB4
00004C
400000
400000
400000
400000
004164
0040EB
000000
000000
000000
000000
FFFFB4
00004C
400000
400000
400000
400000
004164
0040EB
000000
000000
000000
000000
FFFFB4
00004C
400000
400000
400000
400000
004164
0040EB
000000
000000
000000
000000
FFFFB4
00004C
400000
400000
400000
400000
004164
0040EB
000000
000000
000000
000000
FFFFB4
00004C
400000
400000
400000
400000
004164
0040EB
000000
000000
000000
000000
FFFFB4
00004C
400000
400000
400000
400000
004164
0040EB
000000
000000
000000
000000
FFFFB4
00004C
400000
400000
400000
400000
004164
0040EB
000000
000000
000000
000000
FFFFB4
00004C
400000
400000
400000
400000
004164
0040EB
000000
000000
000000
000000
FFFFB4
00004C
400000
400000
400000
400000
004164
0040EB
000000
000000
000000
000000
000000
000000
000000
000000
000000
000000
000000
000000
000000
000000
000000
000000
000000
000000
000000
000000
000000
000000
000000
000000
000000
000000
000000
000000
000000
000000
000000
000000
000000
000000
000000
000000
000000
000000
000000
000000
000000
000000
000000
000000
000000
000000
000000
000000
000000
000000
000000
000000
000000
000000
000000
000000
000000
000000
000000
000000
000000
000000
000000
000000
000000
000000
000000
000000
000000
000000
000000
000000
000000
000000
000000
000000
000000
000000
000000
000000
000000
000000
000000
000000
