000
000
000
000
000
000
000
000
000
000
000
000
0FC
0FD
0FE
0FF
000
000
000
000
000
000
000
000
000
000
000
000
100
101
102
103
000
000
000
000
000
000
000
000
000
000
000
000
104
105
106
107
000
000
000
000
000
000
000
000
000
000
000
000
108
109
10A
10B
000
000
000
000
000
000
000
000
000
000
000
000
10C
10D
10E
10F
000
000
000
000
000
000
000
000
000
000
000
000
110
111
112
113
000
000
000
000
000
000
000
000
000
000
000
000
114
115
116
117
000
000
000
000
000
000
000
000
000
000
000
000
118
119
11A
11B
000
000
000
000
000
000
000
000
000
000
000
000
11C
11D
11E
11F
000
000
000
000
000
000
000
000
000
000
000
000
120
121
122
123
000
000
000
000
000
000
000
000
000
000
000
000
124
125
126
127
000
000
000
000
000
000
000
000
000
000
000
000
128
129
12A
12B
000
000
000
000
000
000
000
000
000
000
000
000
12C
12D
12E
12F
000
000
000
000
000
000
000
000
000
000
000
000
130
131
132
133
000
000
000
000
000
000
000
000
000
000
000
000
134
135
136
137
000
000
000
000
000
000
000
000
000
000
000
000
138
139
13A
13B
000
000
000
000
000
000
000
000
000
000
000
000
13C
13D
13E
13F
000
000
000
000
000
000
000
000
000
000
000
000
140
141
142
143
000
000
000
000
000
000
000
000
000
000
000
000
144
145
146
147
000
000
000
000
000
000
000
000
000
000
000
000
148
149
14A
14B
000
000
000
000
000
000
000
000
000
000
000
000
