000000
000000
000000
000000
000000
000000
000000
000000
000000
000000
000000
000000
2D98D8
000000
000000
000000
000000
000000
000000
000000
000000
000000
000000
000000
000000
000000
07E33D
07B335
35CF8C
000000
000000
000000
000000
000000
000000
000000
000000
000000
000000
000000
000000
000000
065C8F
0714FC
37B15F
000000
000000
000000
000000
000000
000000
000000
000001
000000
000000
000000
000000
000000
0520D3
061947
382F3D
000000
000000
000000
000000
000000
000000
000000
000001
000001
000000
000000
000000
000000
0443AC
0549C6
383A70
000000
000000
000000
000000
000000
000000
000000
000002
000001
000000
000000
000000
000000
03A523
04AA5D
381E09
000000
000000
000000
000000
000000
000000
000000
000002
000001
000000
000000
000000
000000
032FC8
043133
37F666
000000
000000
000000
000000
000000
000000
000000
000002
000001
000000
000000
000000
000000
02D695
03D50C
37CEE2
000000
000000
000000
000000
000000
000000
000000
000003
000001
000000
000000
000000
000000
029170
038EC9
37ABC3
000000
000000
000000
000000
000000
000000
000000
000003
000001
000000
000000
000000
000000
025B13
035919
378E3C
000000
000000
000000
000000
000000
000000
000000
000003
000001
000000
000000
000000
000000
022FE7
033001
37762B
000000
000000
000000
000000
000000
000000
000000
000003
000001
000000
000000
000000
000000
020D65
031085
3762ED
000000
000000
000000
000000
000000
000000
000000
000004
000001
000000
000000
000000
000000
01F1B1
02F861
3753B9
000000
000000
000000
000000
000000
000000
000000
000004
000001
000000
000000
000000
000000
01DB66
02E5DF
3747D0
000000
000000
000000
000000
000000
000000
000000
000004
000001
000000
000000
000000
000000
01C971
02D7AC
373E87
000000
000000
000000
000000
000000
000000
000000
000004
000001
000000
000000
000000
000000
01BAF9
02CCC9
373752
000000
000000
000000
000000
000000
000000
000000
000004
000001
000000
000000
000000
000000
01AF52
02C470
3731BD
000000
000000
000000
000000
000000
000000
000000
000004
000001
000000
000000
000000
000000
01A5F2
02BE0A
372D6D
000000
000000
000000
000000
000000
000000
000000
000004
000001
000000
000000
000000
000000
019E6A
02B922
372A1A
000000
000000
000000
000000
000000
000000
000000
000004
000001
000000
000000
000000
000000
01985E
02B560
372789
000000
000000
000000
000000
000000
000000
000000
000000
000000
000000
000000
000000
000000
000000
000000
