00
00
00
00
00
00
00
00
00
00
00
00
16
16
16
16
00
00
00
00
00
00
00
00
00
00
00
00
22
22
22
22
00
00
00
00
00
00
00
00
00
00
00
00
2E
2E
2E
2E
00
00
00
00
00
00
00
00
00
00
00
00
3A
3A
3A
3A
00
00
00
00
00
00
00
00
00
00
00
00
46
46
46
46
00
00
00
00
00
00
00
00
00
00
00
00
52
52
52
52
00
00
00
00
00
00
00
00
00
00
00
00
5E
5E
5E
5E
00
00
00
00
00
00
00
00
00
00
00
00
6A
6A
6A
6A
00
00
00
00
00
00
00
00
00
00
00
00
76
76
76
76
00
00
00
00
00
00
00
00
00
00
00
00
82
82
82
82
00
00
00
00
00
00
00
00
00
00
00
00
8E
8E
8E
8E
00
00
00
00
00
00
00
00
00
00
00
00
9A
9A
9A
9A
00
00
00
00
00
00
00
00
00
00
00
00
A6
A6
A6
A6
00
00
00
00
00
00
00
00
00
00
00
00
B2
B2
B2
B2
00
00
00
00
00
00
00
00
00
00
00
00
BE
BE
BE
BE
00
00
00
00
00
00
00
00
00
00
00
00
CA
CA
CA
CA
00
00
00
00
00
00
00
00
00
00
00
00
D6
D6
D6
D6
00
00
00
00
00
00
00
00
00
00
00
00
E2
E2
E2
E2
00
00
00
00
00
00
00
00
00
00
00
00
EE
EE
EE
EE
00
00
00
00
00
00
00
00
00
00
00
00
FA
FA
FA
FA
00
00
00
00
00
00
00
00
00
00
00
00
