000
000
000
000
000
000
000
000
000
000
000
000
010
011
000
000
000
000
000
000
000
000
000
000
020
021
000
000
000
000
000
000
000
000
000
000
030
031
000
000
000
000
000
000
000
000
000
000
040
041
000
000
000
000
000
000
000
000
000
000
050
051
000
000
000
000
000
000
000
000
000
000
060
061
000
000
000
000
000
000
000
000
000
000
070
071
000
000
000
000
000
000
000
000
000
000
080
081
000
000
000
000
000
000
000
000
000
000
090
091
000
000
000
000
000
000
000
000
000
000
0A0
0A1
000
000
000
000
000
000
000
000
000
000
0B0
0B1
000
000
000
000
000
000
000
000
000
000
0C0
0C1
000
000
000
000
000
000
000
000
000
000
0D0
0D1
000
000
000
000
000
000
000
000
000
000
0E0
0E1
000
000
000
000
000
000
000
000
000
000
0F0
0F1
000
000
000
000
000
000
000
000
000
000
100
101
000
000
000
000
000
000
000
000
000
000
110
111
000
000
000
000
000
000
000
000
000
000
120
121
000
000
000
000
000
000
000
000
000
000
130
131
000
000
000
000
000
000
000
000
000
000
140
141
000
000
000
000
000
000
000
000
000
000
000
000
000
000
000
000
000
000
000
000
000
000
000
000
000
000
000
000
000
000
000
000
000
000
000
000
000
000
000
000
000
000
000
000
000
000
000
000
000
000
000
000
000
000
000
000
000
000
000
000
000
000
000
000
000
000
000
000
000
000
000
000
000
000
000
000
000
000
000
000
000
000
000
000
000
000
000
000
000
000
