000
000
000
000
000
000
000
000
000
000
000
000
000
000
000
000
000
000
000
000
000
000
000
000
000
000
000
000
000
000
000
000
000
000
000
000
000
17D
053
000
000
000
000
000
000
000
000
000
000
000
000
000
000
27A
07E
000
000
000
000
000
000
000
000
000
000
000
000
000
000
2CE
094
000
000
000
000
000
000
000
000
000
000
000
000
000
000
2C3
0A8
000
000
000
000
000
000
000
000
000
000
000
000
000
000
292
0BD
000
000
000
000
000
000
000
000
000
000
000
000
000
000
258
0CF
000
000
000
000
000
000
000
000
000
000
000
000
000
000
222
0DC
000
000
000
000
000
000
000
000
000
000
000
000
000
000
1F3
0E3
000
000
000
000
000
000
000
000
000
000
000
000
000
000
1CE
0E6
000
000
000
000
000
000
000
000
000
000
000
000
000
000
1B1
0E5
000
000
000
000
000
000
000
000
000
000
000
000
000
000
19B
0E2
000
000
000
000
000
000
000
000
000
000
000
000
000
000
18A
0DE
000
000
000
000
000
000
000
000
000
000
000
000
000
000
17E
0DA
000
000
000
000
000
000
000
000
000
000
000
000
000
000
175
0D7
000
000
000
000
000
000
000
000
000
000
000
000
000
000
16E
0D3
000
000
000
000
000
000
000
000
000
000
000
000
000
000
16A
0D1
000
000
000
000
000
000
000
000
000
000
000
000
000
000
167
0CF
000
000
000
000
000
000
000
000
000
000
000
000
000
000
165
0CE
000
000
000
000
000
000
000
000
000
000
000
000
000
000
000
000
000
000
000
000
000
