000
000
000
000
000
000
000
000
000
000
000
000
000
000
000
000
000
000
000
000
000
000
000
000
000
000
000
000
000
000
000
000
000
000
000
000
649
000
000
000
000
000
000
000
000
000
000
000
000
000
000
000
599
000
000
000
000
000
000
000
000
000
000
000
000
000
000
000
59E
000
000
000
000
000
000
000
000
000
000
000
000
000
000
000
5CF
000
000
000
000
000
000
000
000
000
000
000
000
000
000
000
5F8
000
000
000
000
000
000
000
000
000
000
000
000
000
000
000
614
000
000
000
000
000
000
000
000
000
000
000
000
000
000
000
624
000
000
000
000
000
000
000
000
000
000
000
000
000
000
000
62E
000
000
000
000
000
000
000
000
000
000
000
000
000
000
000
636
000
000
000
000
000
000
000
000
000
000
000
000
000
000
000
63D
000
000
000
000
000
000
000
000
000
000
000
000
000
000
000
643
000
000
000
000
000
000
000
000
000
000
000
000
000
000
000
649
000
000
000
000
000
000
000
000
000
000
000
000
000
000
000
64F
000
000
000
000
000
000
000
000
000
000
000
000
000
000
000
654
000
000
000
000
000
000
000
000
000
000
000
000
000
000
000
659
000
000
000
000
000
000
000
000
000
000
000
000
000
000
000
65C
000
000
000
000
000
000
000
000
000
000
000
000
000
000
000
65F
000
000
000
000
000
000
000
000
000
000
000
000
000
000
000
661
000
000
000
000
000
000
000
000
000
000
000
000
000
000
000
000
000
000
000
000
000
000
000
