# ADMM Solver Results
# Input state: [0.1, 0.1, -0.1, 0.0, 0.0, 0.0, 0.0, 0.0, 0.0, 0.0, 0.0, 0.0]
# Timestamp: 2025-12-16 00:20:35

  0      0.09977722
  1      0.09977722
  2     -0.09977722
  3      0.00000000
  4      0.00000000
  5      0.00000000
  6      0.00000000
  7      0.00000000
  8      0.00000000
  9      0.00000000
 10      0.00000000
 11      0.00000000
 12      0.00747681
 13      0.00729370
 14      0.00744629
 15      0.00762939
 16      0.09957886
 17      0.09957886
 18     -0.09956360
 19      0.00000000
 20      0.00000000
 21      0.00000000
 22     -0.00001526
 23     -0.00001526
 24      0.00025940
 25      0.00018311
 26     -0.00024414
 27      0.00000000
 28      0.00668335
 29      0.00660706
 30      0.00672913
 31      0.00672913
 32      0.09936523
 33      0.09936523
 34     -0.09936523
 35      0.00000000
 36      0.00000000
 37      0.00000000
 38     -0.00003052
 39     -0.00003052
 40      0.00051880
 41      0.00027466
 42     -0.00027466
 43      0.00000000
 44      0.00598145
 45      0.00593567
 46      0.00595093
 47      0.00598145
 48      0.09916687
 49      0.09916687
 50     -0.09916687
 51      0.00001526
 52     -0.00001526
 53      0.00000000
 54     -0.00004578
 55     -0.00004578
 56      0.00070190
 57      0.00028992
 58     -0.00030518
 59     -0.00001526
 60      0.00527954
 61      0.00531006
 62      0.00527954
 63      0.00524902
 64      0.09898376
 65      0.09898376
 66     -0.09898376
 67      0.00001526
 68     -0.00001526
 69      0.00000000
 70     -0.00004578
 71     -0.00004578
 72      0.00088501
 73      0.00025940
 74     -0.00025940
 75      0.00000000
 76      0.00465393
 77      0.00462341
 78      0.00466919
 79      0.00457764
 80      0.09878540
 81      0.09878540
 82     -0.09878540
 83      0.00001526
 84     -0.00001526
 85      0.00000000
 86     -0.00004578
 87     -0.00004578
 88      0.00108337
 89      0.00024414
 90     -0.00024414
 91      0.00000000
 92      0.00399780
 93      0.00402832
 94      0.00396729
 95      0.00396729
 96      0.09860229
 97      0.09860229
 98     -0.09860229
 99      0.00001526
100     -0.00001526
101      0.00000000
102     -0.00004578
103     -0.00004578
104      0.00120544
105      0.00019836
106     -0.00022888
107      0.00000000
108      0.00343323
109      0.00344849
110      0.00343323
111      0.00337219
112      0.09841919
113      0.09841919
114     -0.09841919
115      0.00001526
116     -0.00001526
117      0.00000000
118     -0.00004578
119     -0.00004578
120      0.00132751
121      0.00015259
122     -0.00018311
123      0.00000000
124      0.00291443
125      0.00289917
126      0.00289917
127      0.00283813
128      0.09825134
129      0.09825134
130     -0.09825134
131      0.00001526
132     -0.00001526
133      0.00000000
134     -0.00004578
135     -0.00004578
136      0.00144958
137      0.00012207
138     -0.00016785
139      0.00000000
140      0.00233459
141      0.00238037
142      0.00238037
143      0.00231934
144      0.09808350
145      0.09808350
146     -0.09808350
147      0.00001526
148     -0.00001526
149      0.00000000
150     -0.00004578
151     -0.00004578
152      0.00151062
153      0.00010681
154     -0.00010681
155      0.00000000
156      0.00190735
157      0.00187683
158      0.00192261
159      0.00187683
160      0.09793091
161      0.09793091
162     -0.09793091
163      0.00001526
164     -0.00001526
165      0.00000000
166     -0.00004578
167     -0.00004578
168      0.00157166
169      0.00012207
170     -0.00007629
171      0.00000000
172      0.00149536
173      0.00152588
174      0.00148010
175      0.00144958
176      0.09779358
177      0.09779358
178     -0.09779358
179      0.00001526
180     -0.00001526
181      0.00000000
182     -0.00004578
183     -0.00004578
184      0.00163269
185      0.00004578
186     -0.00003052
187      0.00001526
188      0.00114441
189      0.00112915
190      0.00115967
191      0.00109863
192      0.09767151
193      0.09767151
194     -0.09767151
195      0.00001526
196     -0.00001526
197      0.00000000
198     -0.00004578
199     -0.00004578
200      0.00169373
201      0.00004578
202     -0.00001526
203      0.00001526
204      0.00080872
205      0.00079346
206      0.00077820
207      0.00079346
208      0.09754944
209      0.09754944
210     -0.09756470
211      0.00001526
212     -0.00001526
213      0.00000000
214     -0.00004578
215     -0.00004578
216      0.00169373
217      0.00003052
218     -0.00003052
219      0.00001526
220      0.00053406
221      0.00051880
222      0.00048828
223      0.00048828
224      0.09745789
225      0.09745789
226     -0.09745789
227      0.00001526
228     -0.00001526
229      0.00000000
230     -0.00004578
231     -0.00004578
232      0.00169373
233     -0.00001526
234     -0.00003052
235      0.00001526
236      0.00024414
237      0.00025940
238      0.00027466
239      0.00022888
240      0.09736633
241      0.09736633
242     -0.09736633
243      0.00001526
244     -0.00001526
245      0.00000000
246     -0.00004578
247     -0.00004578
248      0.00169373
249     -0.00001526
250      0.00000000
251      0.00001526
252      0.00003052
253      0.00004578
254      0.00007629
255      0.00004578
256      0.09729004
257      0.09729004
258     -0.09729004
259      0.00001526
260     -0.00001526
261      0.00000000
262     -0.00004578
263     -0.00004578
264      0.00169373
265      0.00001526
266      0.00003052
267      0.00001526
268      0.00000000
269      0.00000000
270      0.00000000
271      0.00000000
272      0.09722900
273      0.09722900
274     -0.09722900
275      0.00001526
276     -0.00001526
277      0.00000000
278     -0.00004578
279     -0.00004578
280      0.00169373
281      0.00001526
282      0.00003052
283      0.00001526
284      0.00000000
285      0.00000000
286      0.00000000
287      0.00000000
288      0.09718323
289      0.09718323
290     -0.09718323
291      0.00001526
292     -0.00001526
293      0.00000000
294     -0.00004578
295     -0.00004578
296      0.00169373
297      0.00001526
298      0.00003052
299      0.00001526
300      0.00000000
301      0.00000000
302      0.00000000
303      0.00000000
304      0.09715271
305      0.09715271
306     -0.09715271
307      0.00001526
308     -0.00001526
309      0.00000000
310     -0.00004578
311     -0.00004578
312      0.00169373
313      0.00001526
314      0.00003052
315      0.00001526
316      0.00000000
317      0.00000000
318      0.00000000
319      0.00000000
320      0.09713745
321      0.09713745
322     -0.09713745
323      0.00001526
324     -0.00001526
325      0.00000000
326     -0.00004578
327     -0.00004578
328      0.00169373
329      0.00001526
330      0.00003052
331      0.00001526
